Data<-rnorm(100,03,68)
> Data
  [1]    3.532599  113.037680   30.738330  -32.310814  -13.894921    7.704009   89.331532   -7.049234
  [9]   30.592155  -78.258645   26.097530  -10.521722   -1.014853  -66.929682  139.404809   22.452682
 [17]  -46.756267   14.369065    1.589136   89.714935    0.166635   66.759685 -136.302721 -116.097691
 [25]  107.752403  -51.883933  -58.192486  -65.392418    3.981935    9.727140   98.089089   26.009681
 [33]   51.806075 -117.456231   10.200835    7.404684   45.375995   85.157642   11.223827  -98.341026
 [41]   23.476388  -18.575463   20.974728    3.813802  -29.717067  -25.941062  115.737175   21.235360
 [49] -123.910804  113.902884  -88.373685 -124.779696  -29.363938   12.288542  -87.734428   84.421998
 [57]   11.167510   44.552447   50.016318  -47.849222 -107.348730   29.896808   58.263542    3.434629
 [65]  -49.776675   49.597255  -25.195337  189.187263   17.032505   25.039919  -23.481027   27.978841
 [73]  -69.341830   -9.179838   17.665266   46.837167  -81.567517   20.610028   -4.736517   33.265875
 [81]  -29.259626  -28.090912  -68.857537   -9.858060   -9.173280   94.779588   49.351658 -125.464495
 [89]   15.026197  -12.703467  -33.314898  -41.337766  -82.982349  -30.085413   69.830058   12.314145
 [97]   29.691158 -136.069176   68.999396  -72.491418
mean(Data)
[1] -0.7435534
> sd(Data)
[1] 64.80454
> range(Data)
[1] -136.3027  189.1873
> median(Data)
[1] 3.897868
> quantile(Data, 0.25)
      25% 
-35.32062 
> quantile(Data, 0.75)
    75% 
30.6287 
> sd(Data)/sqrt(100)
[1] 6.480454
sd(Data)/mean(Data)
[1] -87.1552
> summary(Data)
     Min.   1st Qu.    Median      Mean   3rd Qu.      Max. 
-136.3000  -35.3200    3.8980   -0.7436   30.6300  189.2000 